7.121669001000000000e+09
7.121999001000000000e+09
7.120944001000000000e+09
7.121568001000000000e+09
7.120903001000000000e+09
7.120901001000000000e+09
7.122497001000000000e+09
7.121614001000000000e+09
7.122005001000000000e+09
7.120465001000000000e+09
7.120926001000000000e+09
7.121855001000000000e+09
7.121330001000000000e+09
7.121513001000000000e+09
7.123000001000000000e+09
7.121081001000000000e+09
7.121408001000000000e+09
7.122420001000000000e+09
7.120831001000000000e+09
7.122593001000000000e+09
7.121425001000000000e+09
7.122144001000000000e+09
7.121025001000000000e+09
7.120832001000000000e+09
7.120947001000000000e+09
7.120773001000000000e+09
7.122208001000000000e+09
7.121815001000000000e+09
7.120847001000000000e+09
7.122523001000000000e+09
7.123625001000000000e+09
7.121348001000000000e+09
7.122117001000000000e+09
7.122234001000000000e+09
7.122277001000000000e+09
7.121031001000000000e+09
7.121646001000000000e+09
7.121541001000000000e+09
7.122034001000000000e+09
7.120818001000000000e+09
7.122358001000000000e+09
7.121036001000000000e+09
7.121108001000000000e+09
7.122256001000000000e+09
7.122233001000000000e+09
7.120973001000000000e+09
7.122124001000000000e+09
7.122327001000000000e+09
7.122232001000000000e+09
7.122585001000000000e+09
7.120909001000000000e+09
7.121289001000000000e+09
7.121800001000000000e+09
7.121462001000000000e+09
7.123129001000000000e+09
7.120958001000000000e+09
7.122154001000000000e+09
7.122382001000000000e+09
7.121387001000000000e+09
7.120955001000000000e+09
7.121775001000000000e+09
7.121785001000000000e+09
7.120705001000000000e+09
7.120733001000000000e+09
7.121413001000000000e+09
7.121945001000000000e+09
7.121404001000000000e+09
7.122165001000000000e+09
7.121087001000000000e+09
7.121619001000000000e+09
7.122155001000000000e+09
7.121998001000000000e+09
7.122088001000000000e+09
7.121531001000000000e+09
7.121266001000000000e+09
7.121865001000000000e+09
7.121361001000000000e+09
7.120860001000000000e+09
7.121549001000000000e+09
7.122115001000000000e+09
7.120681001000000000e+09
7.121834001000000000e+09
7.121125001000000000e+09
7.122120001000000000e+09
7.122392001000000000e+09
7.122282001000000000e+09
7.121701001000000000e+09
7.121846001000000000e+09
7.121908001000000000e+09
7.122511001000000000e+09
7.121056001000000000e+09
7.121493001000000000e+09
7.122299001000000000e+09
7.122614001000000000e+09
7.122297001000000000e+09
7.121215001000000000e+09
7.121055001000000000e+09
7.122884001000000000e+09
7.121688001000000000e+09
7.122338001000000000e+09
7.122693001000000000e+09
7.121137001000000000e+09
7.120871001000000000e+09
7.121642001000000000e+09
7.121771001000000000e+09
7.121440001000000000e+09
7.122560001000000000e+09
7.121060001000000000e+09
7.120700001000000000e+09
7.121403001000000000e+09
7.121680001000000000e+09
7.121314001000000000e+09
7.121402001000000000e+09
7.121704001000000000e+09
7.122041001000000000e+09
7.121291001000000000e+09
7.121051001000000000e+09
7.120808001000000000e+09
7.121683001000000000e+09
7.123065001000000000e+09
7.121134001000000000e+09
7.121876001000000000e+09
7.120969001000000000e+09
7.121920001000000000e+09
7.122041001000000000e+09
7.120828001000000000e+09
7.121558001000000000e+09
7.120783001000000000e+09
7.122207001000000000e+09
7.121647001000000000e+09
7.121796001000000000e+09
7.122256001000000000e+09
7.120813001000000000e+09
7.121691001000000000e+09
7.121869001000000000e+09
7.121181001000000000e+09
7.121935001000000000e+09
7.121254001000000000e+09
7.122045001000000000e+09
7.123183001000000000e+09
7.121963001000000000e+09
7.121385001000000000e+09
7.121580001000000000e+09
7.120917001000000000e+09
7.122027001000000000e+09
7.122610001000000000e+09
7.122501001000000000e+09
7.121742001000000000e+09
7.121741001000000000e+09
7.121508001000000000e+09
7.122315001000000000e+09
7.121567001000000000e+09
7.123066001000000000e+09
7.122715001000000000e+09
7.121839001000000000e+09
7.122108001000000000e+09
7.122220001000000000e+09
7.121450001000000000e+09
7.122156001000000000e+09
7.120791001000000000e+09
7.121042001000000000e+09
7.121647001000000000e+09
7.120757001000000000e+09
7.122575001000000000e+09
7.122062001000000000e+09
7.121813001000000000e+09
7.121944001000000000e+09
7.121443001000000000e+09
7.121141001000000000e+09
7.121482001000000000e+09
7.120942001000000000e+09
7.122089001000000000e+09
7.123275001000000000e+09
7.121944001000000000e+09
7.121903001000000000e+09
7.121014001000000000e+09
7.120739001000000000e+09
7.122035001000000000e+09
7.121467001000000000e+09
7.121053001000000000e+09
7.120938001000000000e+09
7.123407001000000000e+09
7.120719001000000000e+09
7.120811001000000000e+09
7.122193001000000000e+09
7.121492001000000000e+09
7.121235001000000000e+09
7.121194001000000000e+09
7.122491001000000000e+09
7.120997001000000000e+09
7.122194001000000000e+09
7.120543001000000000e+09
7.122022001000000000e+09
7.120892001000000000e+09
7.121326001000000000e+09
7.120653001000000000e+09
7.121860001000000000e+09
7.121656001000000000e+09
7.122327001000000000e+09
7.122502001000000000e+09
7.122015001000000000e+09
7.122770001000000000e+09
7.122040001000000000e+09
7.121637001000000000e+09
7.121609001000000000e+09
7.122228001000000000e+09
7.122182001000000000e+09
7.121045001000000000e+09
7.122739001000000000e+09
7.121317001000000000e+09
7.121680001000000000e+09
7.120593001000000000e+09
7.122091001000000000e+09
7.122186001000000000e+09
7.121015001000000000e+09
7.121542001000000000e+09
7.122210001000000000e+09
7.120468001000000000e+09
7.121770001000000000e+09
7.121449001000000000e+09
7.121567001000000000e+09
7.121494001000000000e+09
7.121730001000000000e+09
7.121584001000000000e+09
7.122594001000000000e+09
7.122140001000000000e+09
7.122099001000000000e+09
7.121928001000000000e+09
7.121941001000000000e+09
7.121271001000000000e+09
7.122467001000000000e+09
7.122462001000000000e+09
7.120971001000000000e+09
7.121114001000000000e+09
7.121621001000000000e+09
7.120964001000000000e+09
7.121090001000000000e+09
7.122070001000000000e+09
7.121380001000000000e+09
7.121886001000000000e+09
7.122384001000000000e+09
7.121352001000000000e+09
7.120817001000000000e+09
7.121057001000000000e+09
7.121792001000000000e+09
7.120949001000000000e+09
7.122833001000000000e+09
7.121712001000000000e+09
7.122316001000000000e+09
7.121048001000000000e+09
7.122566001000000000e+09
7.122506001000000000e+09
7.121594001000000000e+09
7.121814001000000000e+09
7.121201001000000000e+09
7.122360001000000000e+09
7.121396001000000000e+09
7.121471001000000000e+09
7.122319001000000000e+09
7.121042001000000000e+09
7.120912001000000000e+09
7.120995001000000000e+09
7.121870001000000000e+09
7.122433001000000000e+09
7.121722001000000000e+09
7.122166001000000000e+09
7.121609001000000000e+09
7.121858001000000000e+09
7.121928001000000000e+09
7.122413001000000000e+09
7.121246001000000000e+09
7.121469001000000000e+09
7.122238001000000000e+09
7.124507001000000000e+09
7.122084001000000000e+09
7.121558001000000000e+09
7.121998001000000000e+09
7.121425001000000000e+09
7.122339001000000000e+09
7.121432001000000000e+09
7.121926001000000000e+09
7.120886001000000000e+09
7.123497001000000000e+09
7.120907001000000000e+09
7.122275001000000000e+09
7.123511001000000000e+09
7.122074001000000000e+09
7.121642001000000000e+09
7.121635001000000000e+09
7.121739001000000000e+09
7.121949001000000000e+09
7.122214001000000000e+09
7.120726001000000000e+09
7.121589001000000000e+09
7.121266001000000000e+09
7.122037001000000000e+09
7.121014001000000000e+09
7.121560001000000000e+09
7.122469001000000000e+09
7.121069001000000000e+09
7.120655001000000000e+09
7.121587001000000000e+09
7.121691001000000000e+09
7.121687001000000000e+09
7.121384001000000000e+09
7.122527001000000000e+09
7.121647001000000000e+09
7.121482001000000000e+09
7.121068001000000000e+09
7.120789001000000000e+09
7.122172001000000000e+09
7.121699001000000000e+09
7.122373001000000000e+09
7.121026001000000000e+09
7.121734001000000000e+09
7.122018001000000000e+09
7.121924001000000000e+09
7.121408001000000000e+09
7.121665001000000000e+09
7.122182001000000000e+09
7.122643001000000000e+09
7.121042001000000000e+09
7.121362001000000000e+09
7.122670001000000000e+09
7.120669001000000000e+09
7.121218001000000000e+09
7.121543001000000000e+09
7.122688001000000000e+09
7.122275001000000000e+09
7.121891001000000000e+09
7.120787001000000000e+09
7.121794001000000000e+09
7.122311001000000000e+09
7.121039001000000000e+09
7.120941001000000000e+09
7.120676001000000000e+09
7.122025001000000000e+09
7.121960001000000000e+09
7.121103001000000000e+09
7.122028001000000000e+09
7.120756001000000000e+09
7.121077001000000000e+09
7.120934001000000000e+09
7.122229001000000000e+09
7.123113001000000000e+09
7.122321001000000000e+09
7.121486001000000000e+09
7.122001001000000000e+09
7.120766001000000000e+09
7.122638001000000000e+09
7.121300001000000000e+09
7.120757001000000000e+09
7.120670001000000000e+09
7.121279001000000000e+09
7.121981001000000000e+09
7.121844001000000000e+09
7.122103001000000000e+09
7.122248001000000000e+09
7.121151001000000000e+09
7.121923001000000000e+09
7.121210001000000000e+09
7.122540001000000000e+09
7.121569001000000000e+09
7.121579001000000000e+09
7.121001001000000000e+09
7.121496001000000000e+09
7.121084001000000000e+09
7.121267001000000000e+09
7.121147001000000000e+09
7.121248001000000000e+09
7.121771001000000000e+09
7.121694001000000000e+09
7.123471001000000000e+09
7.120747001000000000e+09
7.121958001000000000e+09
7.120875001000000000e+09
7.120792001000000000e+09
7.122211001000000000e+09
7.121816001000000000e+09
7.120797001000000000e+09
7.120930001000000000e+09
7.121264001000000000e+09
7.122005001000000000e+09
7.122816001000000000e+09
7.121066001000000000e+09
7.122103001000000000e+09
7.121706001000000000e+09
7.121329001000000000e+09
7.121961001000000000e+09
7.121018001000000000e+09
7.120566001000000000e+09
7.122386001000000000e+09
7.122206001000000000e+09
7.121074001000000000e+09
7.122138001000000000e+09
7.122093001000000000e+09
7.121026001000000000e+09
7.122183001000000000e+09
7.121478001000000000e+09
7.121557001000000000e+09
7.122170001000000000e+09
7.120695001000000000e+09
7.120891001000000000e+09
7.121835001000000000e+09
7.120612001000000000e+09
7.120800001000000000e+09
7.122274001000000000e+09
7.121839001000000000e+09
7.122003001000000000e+09
7.122397001000000000e+09
7.120850001000000000e+09
7.121469001000000000e+09
7.120556001000000000e+09
7.121272001000000000e+09
7.121349001000000000e+09
7.121215001000000000e+09
7.122295001000000000e+09
7.120753001000000000e+09
7.122323001000000000e+09
7.122823001000000000e+09
7.122091001000000000e+09
7.121970001000000000e+09
7.121528001000000000e+09
7.121754001000000000e+09
7.120955001000000000e+09
7.121093001000000000e+09
7.121537001000000000e+09
7.120963001000000000e+09
7.120590001000000000e+09
7.120741001000000000e+09
7.120553001000000000e+09
7.120969001000000000e+09
7.122476001000000000e+09
7.120824001000000000e+09
7.121816001000000000e+09
7.121231001000000000e+09
7.120918001000000000e+09
7.120608001000000000e+09
7.122554001000000000e+09
7.121350001000000000e+09
7.121074001000000000e+09
7.120835001000000000e+09
7.122335001000000000e+09
7.122809001000000000e+09
7.121154001000000000e+09
7.121406001000000000e+09
7.122102001000000000e+09
7.120672001000000000e+09
7.120672001000000000e+09
7.122524001000000000e+09
7.121683001000000000e+09
7.122096001000000000e+09
7.122030001000000000e+09
7.122307001000000000e+09
7.121840001000000000e+09
7.122119001000000000e+09
7.122818001000000000e+09
7.121324001000000000e+09
7.122506001000000000e+09
7.120958001000000000e+09
7.122230001000000000e+09
7.121668001000000000e+09
7.121830001000000000e+09
7.120657001000000000e+09
7.120954001000000000e+09
7.122177001000000000e+09
7.121101001000000000e+09
7.121212001000000000e+09
7.120754001000000000e+09
7.121751001000000000e+09
7.122122001000000000e+09
7.123177001000000000e+09
7.122194001000000000e+09
7.120769001000000000e+09
7.122771001000000000e+09
7.121262001000000000e+09
7.122332001000000000e+09
7.122239001000000000e+09
7.120999001000000000e+09
7.122234001000000000e+09
7.122502001000000000e+09
7.121680001000000000e+09
7.121577001000000000e+09
7.120505001000000000e+09
7.121460001000000000e+09
7.122098001000000000e+09
7.120883001000000000e+09
7.122477001000000000e+09
7.122034001000000000e+09
7.121355001000000000e+09
7.120728001000000000e+09
7.121456001000000000e+09
7.120957001000000000e+09
7.120935001000000000e+09
7.120908001000000000e+09
7.120942001000000000e+09
7.120582001000000000e+09
7.121872001000000000e+09
7.120786001000000000e+09
7.122100001000000000e+09
7.122024001000000000e+09
7.121070001000000000e+09
7.120652001000000000e+09
7.121280001000000000e+09
7.122451001000000000e+09
7.122050001000000000e+09
7.120803001000000000e+09
7.120780001000000000e+09
7.120953001000000000e+09
7.121039001000000000e+09
7.121476001000000000e+09
7.120599001000000000e+09
7.121497001000000000e+09
7.120782001000000000e+09
7.122094001000000000e+09
7.121416001000000000e+09
7.121024001000000000e+09
7.122503001000000000e+09
7.122157001000000000e+09
7.121410001000000000e+09
7.121952001000000000e+09
7.122907001000000000e+09
7.120972001000000000e+09
7.121563001000000000e+09
7.122220001000000000e+09
7.121063001000000000e+09
7.121141001000000000e+09
7.120840001000000000e+09
7.122112001000000000e+09
7.122205001000000000e+09
7.122504001000000000e+09
7.122133001000000000e+09
7.122674001000000000e+09
7.121127001000000000e+09
7.121520001000000000e+09
7.122598001000000000e+09
7.122482001000000000e+09
7.122099001000000000e+09
7.122573001000000000e+09
7.120712001000000000e+09
7.122878001000000000e+09
7.123799001000000000e+09
7.122333001000000000e+09
7.122278001000000000e+09
7.121039001000000000e+09
7.121891001000000000e+09
7.120436001000000000e+09
7.122280001000000000e+09
7.120964001000000000e+09
7.120699001000000000e+09
7.123018001000000000e+09
7.123327001000000000e+09
7.121205001000000000e+09
7.120606001000000000e+09
7.121477001000000000e+09
7.120836001000000000e+09
7.120839001000000000e+09
7.121510001000000000e+09
7.121112001000000000e+09
7.122522001000000000e+09
7.121087001000000000e+09
7.121696001000000000e+09
7.122145001000000000e+09
7.121728001000000000e+09
7.121183001000000000e+09
7.121320001000000000e+09
7.120546001000000000e+09
7.121823001000000000e+09
7.121403001000000000e+09
7.120647001000000000e+09
7.122730001000000000e+09
7.122359001000000000e+09
7.121976001000000000e+09
7.121419001000000000e+09
7.120814001000000000e+09
7.120738001000000000e+09
7.121860001000000000e+09
7.121952001000000000e+09
7.121887001000000000e+09
7.122678001000000000e+09
7.120736001000000000e+09
7.121809001000000000e+09
7.121488001000000000e+09
7.121162001000000000e+09
7.121378001000000000e+09
7.122057001000000000e+09
7.122022001000000000e+09
7.121262001000000000e+09
7.121867001000000000e+09
7.120969001000000000e+09
7.120832001000000000e+09
7.121306001000000000e+09
7.122141001000000000e+09
7.120837001000000000e+09
7.120936001000000000e+09
7.122499001000000000e+09
7.122419001000000000e+09
7.120563001000000000e+09
7.122226001000000000e+09
7.122342001000000000e+09
7.120981001000000000e+09
7.121641001000000000e+09
7.122420001000000000e+09
7.121426001000000000e+09
7.121140001000000000e+09
7.121018001000000000e+09
7.122010001000000000e+09
7.122154001000000000e+09
7.122325001000000000e+09
7.120867001000000000e+09
7.120998001000000000e+09
7.123035001000000000e+09
7.122107001000000000e+09
7.122320001000000000e+09
7.122026001000000000e+09
7.122248001000000000e+09
7.120932001000000000e+09
7.120821001000000000e+09
7.122154001000000000e+09
7.120874001000000000e+09
7.122303001000000000e+09
7.122869001000000000e+09
7.120862001000000000e+09
7.121898001000000000e+09
7.121306001000000000e+09
7.121161001000000000e+09
7.122286001000000000e+09
7.121878001000000000e+09
7.122005001000000000e+09
7.122757001000000000e+09
7.122713001000000000e+09
7.121219001000000000e+09
7.121972001000000000e+09
7.121848001000000000e+09
7.121526001000000000e+09
7.120877001000000000e+09
7.121955001000000000e+09
7.122889001000000000e+09
7.122093001000000000e+09
7.122273001000000000e+09
7.122273001000000000e+09
7.120568001000000000e+09
7.120869001000000000e+09
7.120556001000000000e+09
7.121447001000000000e+09
7.122012001000000000e+09
7.121635001000000000e+09
7.121230001000000000e+09
7.122237001000000000e+09
7.122125001000000000e+09
7.121947001000000000e+09
7.120736001000000000e+09
7.122593001000000000e+09
7.121857001000000000e+09
7.120878001000000000e+09
7.121064001000000000e+09
7.120961001000000000e+09
7.120998001000000000e+09
7.121001001000000000e+09
7.122245001000000000e+09
7.121560001000000000e+09
7.120568001000000000e+09
7.122245001000000000e+09
7.121836001000000000e+09
7.122086001000000000e+09
7.121014001000000000e+09
7.122353001000000000e+09
7.121004001000000000e+09
7.120330001000000000e+09
7.120931001000000000e+09
7.121725001000000000e+09
7.121238001000000000e+09
7.122018001000000000e+09
7.121468001000000000e+09
7.121712001000000000e+09
7.121047001000000000e+09
7.121102001000000000e+09
7.121726001000000000e+09
7.122087001000000000e+09
7.120765001000000000e+09
7.122005001000000000e+09
7.121301001000000000e+09
7.121747001000000000e+09
7.121528001000000000e+09
7.121494001000000000e+09
7.121028001000000000e+09
7.123090001000000000e+09
7.121271001000000000e+09
7.120794001000000000e+09
7.121099001000000000e+09
7.121834001000000000e+09
7.122182001000000000e+09
7.122098001000000000e+09
7.121214001000000000e+09
7.121447001000000000e+09
7.121754001000000000e+09
7.121177001000000000e+09
7.120464001000000000e+09
7.122028001000000000e+09
7.122051001000000000e+09
7.121378001000000000e+09
7.120848001000000000e+09
7.121612001000000000e+09
7.122447001000000000e+09
7.122050001000000000e+09
7.121725001000000000e+09
7.122267001000000000e+09
7.121806001000000000e+09
7.120968001000000000e+09
7.121320001000000000e+09
7.122380001000000000e+09
7.120596001000000000e+09
7.121462001000000000e+09
7.120394001000000000e+09
7.121651001000000000e+09
7.121279001000000000e+09
7.121256001000000000e+09
7.122356001000000000e+09
7.120773001000000000e+09
7.121193001000000000e+09
7.120758001000000000e+09
7.121566001000000000e+09
7.121000001000000000e+09
7.121394001000000000e+09
7.122162001000000000e+09
7.120864001000000000e+09
7.121602001000000000e+09
7.122144001000000000e+09
7.121425001000000000e+09
7.122096001000000000e+09
7.121211001000000000e+09
7.121041001000000000e+09
7.123745001000000000e+09
7.120798001000000000e+09
7.122613001000000000e+09
7.122488001000000000e+09
7.121175001000000000e+09
7.121642001000000000e+09
7.122364001000000000e+09
7.121568001000000000e+09
7.121941001000000000e+09
7.121045001000000000e+09
7.120990001000000000e+09
7.121109001000000000e+09
7.120885001000000000e+09
7.122344001000000000e+09
7.121698001000000000e+09
7.122192001000000000e+09
7.122343001000000000e+09
7.120882001000000000e+09
7.121112001000000000e+09
7.121824001000000000e+09
7.120869001000000000e+09
7.121156001000000000e+09
7.120817001000000000e+09
7.122027001000000000e+09
7.121223001000000000e+09
7.121894001000000000e+09
7.121561001000000000e+09
7.120874001000000000e+09
7.121778001000000000e+09
7.121131001000000000e+09
7.122114001000000000e+09
7.122459001000000000e+09
7.121123001000000000e+09
7.121480001000000000e+09
7.121216001000000000e+09
7.120601001000000000e+09
7.121708001000000000e+09
7.120728001000000000e+09
7.120614001000000000e+09
7.122156001000000000e+09
7.121880001000000000e+09
7.123509001000000000e+09
7.121379001000000000e+09
7.122080001000000000e+09
7.122160001000000000e+09
7.120898001000000000e+09
7.121763001000000000e+09
7.121418001000000000e+09
7.121627001000000000e+09
7.121998001000000000e+09
7.121618001000000000e+09
7.122192001000000000e+09
7.120833001000000000e+09
7.121244001000000000e+09
7.121024001000000000e+09
7.120941001000000000e+09
7.120928001000000000e+09
7.122369001000000000e+09
7.122055001000000000e+09
7.122232001000000000e+09
7.121285001000000000e+09
7.123331001000000000e+09
7.120998001000000000e+09
7.121200001000000000e+09
7.120677001000000000e+09
7.121639001000000000e+09
7.122661001000000000e+09
7.122034001000000000e+09
7.122664001000000000e+09
7.121159001000000000e+09
7.120629001000000000e+09
7.121363001000000000e+09
7.120693001000000000e+09
7.122213001000000000e+09
7.121848001000000000e+09
7.122485001000000000e+09
7.121749001000000000e+09
7.121735001000000000e+09
7.122106001000000000e+09
7.120954001000000000e+09
7.122007001000000000e+09
7.122078001000000000e+09
7.122358001000000000e+09
7.120834001000000000e+09
7.122353001000000000e+09
7.122821001000000000e+09
7.121421001000000000e+09
7.122871001000000000e+09
7.122335001000000000e+09
7.122337001000000000e+09
7.120811001000000000e+09
7.122390001000000000e+09
7.121662001000000000e+09
7.122135001000000000e+09
7.122454001000000000e+09
7.121568001000000000e+09
7.120920001000000000e+09
7.121221001000000000e+09
7.121857001000000000e+09
7.121266001000000000e+09
7.121142001000000000e+09
7.121299001000000000e+09
7.121231001000000000e+09
7.121870001000000000e+09
7.122425001000000000e+09
7.121017001000000000e+09
7.121541001000000000e+09
7.121770001000000000e+09
7.121945001000000000e+09
7.122063001000000000e+09
7.121001001000000000e+09
7.122207001000000000e+09
7.120912001000000000e+09
7.120756001000000000e+09
7.121349001000000000e+09
7.121739001000000000e+09
7.122213001000000000e+09
7.121420001000000000e+09
7.121189001000000000e+09
7.121164001000000000e+09
7.121509001000000000e+09
7.122348001000000000e+09
7.120780001000000000e+09
7.121196001000000000e+09
7.120982001000000000e+09
7.122081001000000000e+09
7.122423001000000000e+09
7.121271001000000000e+09
7.121886001000000000e+09
7.120814001000000000e+09
7.121097001000000000e+09
7.122160001000000000e+09
7.122905001000000000e+09
7.121845001000000000e+09
7.121667001000000000e+09
7.121662001000000000e+09
7.120982001000000000e+09
7.120997001000000000e+09
7.122092001000000000e+09
7.121208001000000000e+09
7.123040001000000000e+09
7.121583001000000000e+09
7.121632001000000000e+09
7.120817001000000000e+09
7.121747001000000000e+09
7.121980001000000000e+09
7.121603001000000000e+09
7.122648001000000000e+09
7.121720001000000000e+09
7.120898001000000000e+09
7.122596001000000000e+09
7.120838001000000000e+09
7.121057001000000000e+09
7.120996001000000000e+09
7.122044001000000000e+09
7.121884001000000000e+09
7.121791001000000000e+09
7.121633001000000000e+09
7.122091001000000000e+09
7.122165001000000000e+09
7.120994001000000000e+09
7.121840001000000000e+09
7.122095001000000000e+09
7.122256001000000000e+09
7.122579001000000000e+09
7.120920001000000000e+09
7.122227001000000000e+09
7.121594001000000000e+09
7.120911001000000000e+09
7.121031001000000000e+09
7.120835001000000000e+09
7.121371001000000000e+09
7.120623001000000000e+09
7.120919001000000000e+09
7.121976001000000000e+09
7.122182001000000000e+09
7.121511001000000000e+09
7.122082001000000000e+09
7.121378001000000000e+09
7.121976001000000000e+09
7.120962001000000000e+09
7.120803001000000000e+09
7.121044001000000000e+09
7.122408001000000000e+09
7.122408001000000000e+09
7.121027001000000000e+09
7.121249001000000000e+09
7.121164001000000000e+09
7.122464001000000000e+09
7.121674001000000000e+09
7.121822001000000000e+09
7.121642001000000000e+09
7.121654001000000000e+09
7.120883001000000000e+09
7.121691001000000000e+09
7.122050001000000000e+09
7.121351001000000000e+09
7.121969001000000000e+09
7.121104001000000000e+09
7.121408001000000000e+09
7.121533001000000000e+09
7.122335001000000000e+09
7.121404001000000000e+09
7.121607001000000000e+09
7.122053001000000000e+09
7.120950001000000000e+09
7.121511001000000000e+09
7.121919001000000000e+09
7.121689001000000000e+09
7.121889001000000000e+09
7.121439001000000000e+09
7.121658001000000000e+09
7.122389001000000000e+09
7.122759001000000000e+09
7.122337001000000000e+09
7.121172001000000000e+09
7.121898001000000000e+09
7.122307001000000000e+09
7.121161001000000000e+09
7.122452001000000000e+09
7.121818001000000000e+09
7.121666001000000000e+09
7.121706001000000000e+09
7.122239001000000000e+09
7.121519001000000000e+09
7.122430001000000000e+09
7.121842001000000000e+09
7.120626001000000000e+09
7.121040001000000000e+09
7.120759001000000000e+09
7.121777001000000000e+09
7.121920001000000000e+09
7.121413001000000000e+09
7.120854001000000000e+09
7.121576001000000000e+09
7.120718001000000000e+09
7.122454001000000000e+09
7.121755001000000000e+09
7.120879001000000000e+09
7.120736001000000000e+09
7.120813001000000000e+09
7.120680001000000000e+09
7.121794001000000000e+09
7.122298001000000000e+09
7.120761001000000000e+09
7.121577001000000000e+09
7.121986001000000000e+09
7.120840001000000000e+09
7.122504001000000000e+09
7.121724001000000000e+09
7.121698001000000000e+09
7.121318001000000000e+09
7.120972001000000000e+09
7.122124001000000000e+09
7.121699001000000000e+09
7.121466001000000000e+09
7.121874001000000000e+09
7.120913001000000000e+09
7.120975001000000000e+09
7.120710001000000000e+09
7.121632001000000000e+09
7.122633001000000000e+09
7.122732001000000000e+09
7.120588001000000000e+09
7.122312001000000000e+09
7.121460001000000000e+09
7.121952001000000000e+09
7.121148001000000000e+09
