-9.183192999999999960e+41
-1.036315999999999995e+42
-8.876500999999999433e+41
-1.044131000000000044e+42
-9.943946000000000513e+41
-9.219749000000000541e+41
-9.260657000000000667e+41
-9.232055000000000398e+41
-9.086259000000000522e+41
-8.838089000000000230e+41
-1.001430000000000067e+42
-1.123391999999999940e+42
-8.530256999999999765e+41
-8.691076000000000251e+41
-9.426164999999999573e+41
-8.282027000000000127e+41
-9.858256999999999435e+41
-9.841879000000000073e+41
-9.408543999999999308e+41
-9.298316000000000583e+41
-9.137802000000000250e+41
-9.708204999999999277e+41
-9.954365000000000616e+41
-9.083581999999999332e+41
-8.771526999999999538e+41
-9.041457999999999788e+41
-1.018551000000000064e+42
-9.593548999999999979e+41
-8.987775999999999343e+41
-8.740001999999999680e+41
-9.344186000000000560e+41
-9.559115999999999981e+41
-9.282011999999999330e+41
-9.219505999999999557e+41
-9.073467000000000244e+41
-9.322188000000000635e+41
-9.101152999999999369e+41
-8.920885999999999755e+41
-9.798452000000000282e+41
-9.687338999999999997e+41
-9.804923000000000763e+41
-9.367552000000000409e+41
-9.840362000000000149e+41
-9.384692000000000585e+41
-9.800656000000000677e+41
-9.852960000000000533e+41
-1.000896000000000015e+42
-9.034476999999999457e+41
-9.864182000000000150e+41
-9.941645000000000171e+41
-9.564374000000000006e+41
-9.212804999999999265e+41
-8.857369999999999400e+41
-8.787433000000000338e+41
-9.869118999999999887e+41
-9.917852999999999245e+41
-8.892213999999999477e+41
-9.084631999999999478e+41
-9.148776999999999236e+41
-9.571545999999999723e+41
-9.715684999999999655e+41
-1.011517999999999991e+42
-9.814203000000000066e+41
-9.565113000000000529e+41
-8.773183000000000344e+41
-8.726020999999999922e+41
-9.048051999999999468e+41
-9.464534000000000252e+41
-9.264585000000000506e+41
-8.813745000000000067e+41
-9.419931999999999744e+41
-8.787009999999999771e+41
-9.016210000000000517e+41
-9.569070999999999268e+41
-9.103317999999999339e+41
-1.002256999999999939e+42
-8.687949999999999241e+41
-9.420150000000000615e+41
-9.430618000000000260e+41
-9.730175000000000125e+41
-9.599808000000000608e+41
-9.234263000000000440e+41
-9.353241999999999522e+41
-9.565752999999999734e+41
-9.173310000000000508e+41
-9.267976999999999696e+41
-9.510054999999999318e+41
-9.863582999999999647e+41
-1.022937999999999923e+42
-9.441881999999999264e+41
-9.270753999999999796e+41
-9.838994999999999362e+41
-9.282504000000000769e+41
-9.031553999999999868e+41
-9.220783999999999691e+41
-1.054613000000000001e+42
-9.664755999999999880e+41
-9.129763999999999617e+41
-9.433156000000000569e+41
-9.335503999999999527e+41
-8.477981999999999670e+41
-9.055549999999999805e+41
-9.206522999999999893e+41
-8.833556999999999554e+41
-8.999402000000000431e+41
-9.081583999999999319e+41
-9.565472999999999695e+41
-8.882040999999999320e+41
-9.272606999999999457e+41
-9.322463999999999480e+41
-8.291918000000000421e+41
-9.230940999999999712e+41
-9.569913999999999893e+41
-9.816337000000000451e+41
-8.983682000000000232e+41
-9.798915000000000413e+41
-9.088629999999999327e+41
-9.708967999999999228e+41
-9.626967000000000609e+41
-9.075876000000000336e+41
-8.557288999999999373e+41
-1.013435000000000037e+42
-1.006440000000000013e+42
-9.621230000000000319e+41
-9.553353999999999577e+41
-9.342784999999999679e+41
-9.727019000000000216e+41
-1.031757000000000002e+42
-9.271030000000000188e+41
-8.859191999999999477e+41
-9.098132999999999832e+41
-9.897076000000000619e+41
-9.367902000000000458e+41
-9.266991000000000090e+41
-9.229895999999999898e+41
-9.275164999999999548e+41
-9.228472999999999413e+41
-9.929770999999999313e+41
-1.015440999999999962e+42
-9.668746999999999574e+41
-9.484623999999999954e+41
-9.109560999999999832e+41
-8.775868999999999966e+41
-1.021477000000000007e+42
-9.030753000000000177e+41
-8.962409000000000519e+41
-8.565253000000000349e+41
-9.930418000000000221e+41
-9.688220000000000362e+41
-1.059077999999999937e+42
-9.767370000000000773e+41
-9.888086999999999610e+41
-8.752321000000000710e+41
-8.756987000000000387e+41
-9.455662999999999658e+41
-9.625822999999999477e+41
-8.654564999999999566e+41
-9.677253999999999808e+41
-9.104913999999999251e+41
-8.860952999999999523e+41
-9.226048000000000733e+41
-8.856915999999999248e+41
-8.965836999999999626e+41
-9.116831000000000181e+41
-9.017822000000000564e+41
-1.104794000000000047e+42
-9.184397999999999576e+41
-9.386758999999999922e+41
-8.711887000000000518e+41
-1.004706999999999971e+42
-9.194078000000000702e+41
-9.234854999999999240e+41
-9.489634999999999348e+41
-9.286576000000000275e+41
-1.019941999999999970e+42
-1.026640999999999974e+42
-9.219724000000000427e+41
-9.389500999999999243e+41
-9.431995000000000164e+41
-9.519249000000000023e+41
-1.053221999999999940e+42
-9.802918000000000594e+41
-9.703095000000000113e+41
-9.378813000000000452e+41
-9.391630999999999982e+41
-9.366915000000000165e+41
-9.362497000000000258e+41
-9.434032999999999741e+41
-8.265159000000000696e+41
-9.103871999999999946e+41
-9.955674000000000334e+41
-9.628265000000000525e+41
-1.004051000000000012e+42
-1.004194000000000076e+42
-9.751426000000000233e+41
-9.279621999999999881e+41
-1.059417000000000029e+42
-9.262526000000000463e+41
-8.795949000000000552e+41
-9.700565000000000644e+41
-9.321382000000000612e+41
-9.391950999999999584e+41
-1.002088000000000004e+42
-9.247540000000000454e+41
-9.137942999999999407e+41
-9.503047000000000596e+41
-1.034140000000000068e+42
-9.498654999999999941e+41
-8.368182999999999435e+41
-9.399660000000000635e+41
-9.422416000000000179e+41
-9.870486999999999812e+41
-9.883187000000000475e+41
-9.907989000000000436e+41
-8.727439000000000075e+41
-9.295710000000000088e+41
-8.814665999999999997e+41
-8.362893000000000688e+41
-8.806368000000000654e+41
-9.800213999999999466e+41
-9.112937000000000435e+41
-8.945644999999999644e+41
-9.605592000000000617e+41
-9.134558000000000373e+41
-9.279998000000000729e+41
-9.910527000000000745e+41
-9.538365999999999745e+41
-9.615426000000000527e+41
-9.474567000000000389e+41
-8.721739999999999525e+41
-9.253328999999999248e+41
-9.801897999999999347e+41
-9.199787000000000370e+41
-9.977598000000000601e+41
-9.070772000000000643e+41
-9.501004000000000688e+41
-9.904736000000000580e+41
-9.509179999999999969e+41
-9.259374999999999339e+41
-1.020399000000000012e+42
-1.010110999999999950e+42
-9.132070999999999430e+41
-9.213987000000000137e+41
-9.856759000000000155e+41
-8.944870999999999890e+41
-9.228104999999999406e+41
-1.005548000000000000e+42
-9.516961999999999992e+41
-9.725775999999999314e+41
-1.007153000000000046e+42
-9.175692999999999800e+41
-9.803744000000000400e+41
-8.329722999999999827e+41
-9.938787000000000259e+41
-9.419206000000000395e+41
-9.302353999999999996e+41
-9.548628999999999693e+41
-9.525295999999999251e+41
-9.272098000000000292e+41
-9.897001999999999415e+41
-9.219780000000000125e+41
-9.684524000000000157e+41
-9.242693999999999647e+41
-9.677295000000000057e+41
-9.645452999999999558e+41
-9.698996000000000669e+41
-9.766466000000000116e+41
-9.510892000000000473e+41
-9.046866999999999635e+41
-9.337456999999999645e+41
-9.628060999999999966e+41
-9.878882999999999787e+41
-9.502462000000000404e+41
-9.162507999999999401e+41
-9.334139999999999249e+41
-9.205677000000000306e+41
-9.464808999999999958e+41
-8.978368999999999647e+41
-9.315320999999999525e+41
-9.440085999999999987e+41
-9.266190999999999536e+41
-9.272538999999999271e+41
-9.499026000000000457e+41
-9.471018000000000359e+41
-1.008483999999999988e+42
-1.013465999999999930e+42
-8.876301000000000068e+41
-9.230750000000000327e+41
-9.268057999999999509e+41
-9.551486000000000466e+41
-9.452761000000000536e+41
-9.357700999999999678e+41
-9.664565000000000495e+41
-9.354654000000000204e+41
-9.378307999999999387e+41
-9.324533000000000188e+41
-8.599433000000000245e+41
-9.193247000000000565e+41
-9.888982999999999425e+41
-9.669681000000000677e+41
-9.279296999999999946e+41
-9.225594999999999719e+41
-9.101118999999999275e+41
-8.920621999999999851e+41
-9.401202000000000673e+41
-8.984077000000000176e+41
-9.320716000000000607e+41
-9.400165999999999291e+41
-9.899564999999999838e+41
-9.114768999999999629e+41
-8.774712000000000756e+41
-9.229529000000000577e+41
-9.324052000000000099e+41
-9.743191000000000744e+41
-9.718377999999999433e+41
-9.354411999999999906e+41
-9.074993999999999285e+41
-9.082096000000000539e+41
-9.597785999999999619e+41
-9.893883999999999246e+41
-9.692313999999999473e+41
-8.855227000000000582e+41
-1.009663000000000042e+42
-8.853804000000000097e+41
-9.811029000000000198e+41
-9.568991000000000141e+41
-9.034758000000000182e+41
-9.593913999999999477e+41
-9.585725999999999708e+41
-8.948055000000000422e+41
-9.555051999999999769e+41
-9.736673000000000544e+41
-9.250847000000000185e+41
-9.148255999999999583e+41
-9.198254999999999449e+41
-9.620314000000000722e+41
-8.719307000000000004e+41
-9.717470999999999815e+41
-1.044163000000000005e+42
-9.003804999999999342e+41
-9.649660999999999436e+41
-1.005278000000000006e+42
-9.290486000000000156e+41
-9.356596999999999657e+41
-9.075644000000000702e+41
-9.771614000000000568e+41
-1.004007999999999940e+42
-1.002436000000000075e+42
-9.517613999999999685e+41
-9.521385000000000232e+41
-9.543428000000000052e+41
-9.291809999999999323e+41
-9.672493000000000007e+41
-9.715424999999999398e+41
-9.346868000000000535e+41
-9.884307999999999769e+41
-1.002875000000000003e+42
-8.898435999999999503e+41
-9.770009000000000676e+41
-8.835728000000000542e+41
-1.002701999999999957e+42
-1.005951999999999923e+42
-9.827243999999999251e+41
-9.555969000000000052e+41
-9.467153000000000373e+41
-9.967908999999999495e+41
-9.709879000000000040e+41
-9.231513000000000278e+41
-9.107862999999999640e+41
-8.917428999999999340e+41
-9.269561000000000669e+41
-9.714580999999999634e+41
-9.384507999999999808e+41
-8.862677000000000514e+41
-9.471842000000000341e+41
-9.420016000000000066e+41
-9.134256999999999867e+41
-9.346789999999999684e+41
-9.098147000000000144e+41
-9.095077999999999518e+41
-9.832998999999999500e+41
-9.898913999999999283e+41
-9.721633000000000660e+41
-9.649060999999999795e+41
-9.502345999999999814e+41
-1.013496999999999979e+42
-9.963059000000000588e+41
-1.043631999999999997e+42
-9.756386999999999398e+41
-9.926522000000000651e+41
-9.597984999999999845e+41
-9.519609000000000736e+41
-9.379574000000000580e+41
-9.797730000000000579e+41
-9.661359999999999496e+41
-8.649665000000000431e+41
-9.904840000000000683e+41
-1.018805999999999989e+42
-9.088390000000000399e+41
-9.515245999999999841e+41
-9.351764000000000023e+41
-9.347685999999999499e+41
-9.554694000000000427e+41
-9.400716999999999390e+41
-9.152413000000000096e+41
-9.844889999999999630e+41
-9.291159999999999454e+41
-9.532156000000000206e+41
-8.924513000000000636e+41
-9.784345999999999953e+41
-9.464988999999999541e+41
-9.515866999999999950e+41
-9.548540999999999725e+41
-8.979948000000000287e+41
-9.426537999999999913e+41
-1.016613999999999927e+42
-9.124146000000000426e+41
-8.955799000000000704e+41
-9.429937999999999944e+41
-9.676340000000000034e+41
-9.177164999999999829e+41
-9.350814000000000333e+41
-9.100976000000000295e+41
-9.762586000000000681e+41
-8.982806000000000198e+41
-9.419712000000000598e+41
-8.866397999999999286e+41
-9.486340999999999243e+41
-9.197247000000000237e+41
-8.775895999999999904e+41
-9.141417000000000642e+41
-1.050315999999999933e+42
-9.409596999999999963e+41
-9.191637000000000340e+41
-9.549251000000000487e+41
-9.664538999999999696e+41
-9.643592999999999741e+41
-9.465710999999999244e+41
-9.404692999999999634e+41
-8.593568000000000423e+41
-8.979628000000000684e+41
-9.120547000000000168e+41
-8.892791000000000375e+41
-9.334973999999999896e+41
-9.508890999999999951e+41
-9.123496000000000557e+41
-1.015275999999999984e+42
-9.319691999999999713e+41
-9.201882999999999468e+41
-9.588518999999999942e+41
-9.575268999999999865e+41
-8.787664999999999973e+41
-9.131815999999999505e+41
-8.973672000000000385e+41
-8.553091999999999297e+41
-9.527955999999999622e+41
-9.820469999999999988e+41
-8.522275999999999515e+41
-9.163045999999999874e+41
-9.094928000000000381e+41
-9.207429999999999511e+41
-9.883097999999999822e+41
-9.130984999999999367e+41
-9.275843000000000040e+41
-8.976666999999999808e+41
-9.136944000000000174e+41
-8.590760999999999878e+41
-9.789955999999999850e+41
-9.639937000000000647e+41
-9.951888000000000337e+41
-9.419278000000000228e+41
-9.100786000000000047e+41
-8.836376999999999726e+41
-9.950678000000000390e+41
-9.529361999999999287e+41
-8.916123000000000131e+41
-9.345807000000000586e+41
-8.530147999999999329e+41
-8.835782000000000417e+41
-9.623641000000000234e+41
-8.203379000000000273e+41
-9.207564000000000060e+41
-9.732104999999999952e+41
-9.251764999999999605e+41
-9.066164999999999625e+41
-9.646436000000000203e+41
-9.838583000000000144e+41
-9.471910000000000527e+41
-9.485291000000000644e+41
-9.963501000000000252e+41
-9.898482999999999422e+41
-9.264564000000000039e+41
-9.138908000000000094e+41
-7.896236000000000102e+41
-9.543227000000000002e+41
-9.330238999999999347e+41
-9.353106999999999834e+41
-8.985942999999999463e+41
-9.260164999999999228e+41
-1.002461999999999946e+42
-9.734250000000000140e+41
-9.825438999999999994e+41
-9.367570999999999505e+41
-9.000538999999999860e+41
-9.256575999999999634e+41
-9.562372999999999484e+41
-8.737463999999999371e+41
-1.018325999999999966e+42
-8.802259999999999684e+41
-9.236229999999999321e+41
-9.615168000000000094e+41
-9.314123000000000065e+41
-9.618930999999999800e+41
-8.772650999999999341e+41
-9.214493000000000340e+41
-9.429559999999999272e+41
-9.758777999999999532e+41
-8.758328000000000375e+41
-9.098691000000000087e+41
-9.592349000000000696e+41
-9.335006000000000166e+41
-8.389876000000000753e+41
-8.701874999999999301e+41
-9.857936000000000695e+41
-9.411115999999999711e+41
-9.943513999999999967e+41
-9.413546000000000270e+41
-9.476499000000000039e+41
-9.812454000000000507e+41
-9.252730999999999430e+41
-8.897313999999999524e+41
-9.686116000000000423e+41
-8.924481000000000366e+41
-8.551378999999999655e+41
-8.866906999999999998e+41
-9.609698999999999354e+41
-9.200202000000000096e+41
-9.402197000000000259e+41
-8.996151000000000399e+41
-8.991412000000000203e+41
-8.915108000000000763e+41
-9.597627000000000503e+41
-9.328270000000000642e+41
-9.395878000000000286e+41
-9.403692000000000578e+41
-9.195066000000000133e+41
-8.795955000000000022e+41
-9.758364000000000491e+41
-1.020986999999999939e+42
-8.760719000000000509e+41
-9.256020999999999889e+41
-9.125623999999999924e+41
-8.963544000000000125e+41
-9.907048000000000725e+41
-8.947981999999999903e+41
-9.214744999999999756e+41
-9.379531000000000507e+41
-8.794407000000000514e+41
-9.262567999999999850e+41
-9.347462000000000706e+41
-9.569630999999999346e+41
-9.325412000000000731e+41
-9.480602000000000676e+41
-8.716266000000000001e+41
-9.624935999999999641e+41
-9.301553000000000304e+41
-9.008022999999999885e+41
-9.044125000000000314e+41
-9.605739999999999930e+41
-9.548411999999999508e+41
-8.538462000000000354e+41
-8.596652999999999637e+41
-9.869718000000000390e+41
-9.180205999999999832e+41
-9.988730000000000427e+41
-9.598464000000000111e+41
-8.909220999999999789e+41
-9.386809999999999288e+41
-9.424520000000000118e+41
-9.768909999999999440e+41
-9.240347999999999408e+41
-9.351196999999999789e+41
-9.385789000000000450e+41
-9.008308000000000257e+41
-9.346760999999999923e+41
-9.614658000000000244e+41
-9.563230999999999560e+41
-1.061743000000000021e+42
-9.673968000000000544e+41
-9.238489000000000277e+41
-9.053768999999999977e+41
-8.816326999999999587e+41
-8.741529999999999407e+41
-8.728584000000000345e+41
-9.567215999999999783e+41
-1.000647999999999936e+42
-9.211768000000000292e+41
-1.026630000000000017e+42
-9.191773999999999851e+41
-9.721784000000000482e+41
-1.020195999999999983e+42
-8.908463000000000170e+41
-1.001409999999999976e+42
-9.257965000000000027e+41
-9.060466999999999760e+41
-9.747281999999999346e+41
-9.850569999999999537e+41
-9.497340000000000752e+41
-8.541869999999999679e+41
-9.318815000000000542e+41
-1.008555000000000065e+42
-9.068799999999999882e+41
-8.763870000000000086e+41
-9.778583999999999549e+41
-9.024739000000000356e+41
-9.766577000000000375e+41
-9.166803000000000110e+41
-9.191082999999999733e+41
-8.893669000000000232e+41
-9.054208999999999817e+41
-9.510702000000000226e+41
-9.073759000000000771e+41
-9.729767000000000555e+41
-9.540308000000000059e+41
-9.322466999999999989e+41
-1.008352999999999948e+42
-9.075743999999999611e+41
-9.220166000000000091e+41
-8.321100999999999688e+41
-8.963190999999999567e+41
-9.925212999999999386e+41
-9.379725999999999540e+41
-1.016700000000000071e+42
-9.235031000000000724e+41
-9.178428999999999651e+41
-8.937963000000000077e+41
-1.044645000000000006e+42
-9.147837999999999348e+41
-9.329559999999999717e+41
-9.218491000000000189e+41
-9.397470999999999690e+41
-9.467438000000000745e+41
-9.976516000000000185e+41
-9.456574999999999608e+41
-9.786119999999999626e+41
-9.074962999999999701e+41
-9.750307000000000762e+41
-9.707590000000000186e+41
-9.408437999999999382e+41
-9.096888000000000654e+41
-9.491653000000000690e+41
-9.938223000000000534e+41
-9.648301000000000352e+41
-9.298210000000000657e+41
-9.705644999999999362e+41
-9.033045000000000540e+41
-9.301822999999999679e+41
-8.754935000000000500e+41
-9.190994000000000627e+41
-9.266517999999999294e+41
-1.009749000000000032e+42
-1.051005999999999985e+42
-9.691500000000000156e+41
-9.423365000000000731e+41
-8.939456999999999711e+41
-9.140363999999999987e+41
-9.278478000000000297e+41
-9.314577999999999355e+41
-8.639311000000000006e+41
-9.186296000000000680e+41
-9.812709999999999570e+41
-9.278216999999999354e+41
-9.454768999999999666e+41
-9.538150000000000245e+41
-9.925221000000000227e+41
-9.690606999999999302e+41
-1.012711000000000046e+42
-8.849414999999999950e+41
-8.874590999999999388e+41
-1.059373999999999956e+42
-9.125875000000000203e+41
-9.603047999999999290e+41
-9.471208000000000606e+41
-8.847766999999999986e+41
-9.621779999999999732e+41
-1.011666999999999989e+42
-9.724213000000000356e+41
-9.861101000000000583e+41
-9.056826999999999253e+41
-9.979117000000000348e+41
-9.456378000000000752e+41
-9.312756999999999963e+41
-9.229587999999999236e+41
-9.834874999999999451e+41
-8.763182000000000476e+41
-9.998223999999999406e+41
-9.002664000000000266e+41
-9.858694000000000314e+41
-9.488318999999999474e+41
-9.128616999999999523e+41
-8.806977999999999412e+41
-8.725288000000000417e+41
-9.383170999999999467e+41
-9.540449999999999902e+41
-1.004636999999999961e+42
-9.302919000000000406e+41
-8.899846999999999501e+41
-9.215401999999999781e+41
-9.861074000000000646e+41
-9.015277000000000100e+41
-8.633503000000000568e+41
-9.521254999999999330e+41
-9.579413999999999890e+41
-9.189154000000000592e+41
-9.345924000000000315e+41
-1.012995000000000042e+42
-9.353878000000000627e+41
-9.729765999999999869e+41
-9.461148999999999670e+41
-9.939783999999999668e+41
-9.580706999999999473e+41
-8.739066000000000302e+41
-8.876211000000000277e+41
-8.985299999999999750e+41
-8.675584000000000039e+41
-9.435953999999999588e+41
-9.301494999999999235e+41
-9.580022999999999511e+41
-9.594295000000000658e+41
-9.761421000000000630e+41
-1.035928999999999963e+42
-9.585756000000000154e+41
-9.131591000000000026e+41
-9.895927000000000702e+41
-8.726401999999999555e+41
-9.507822000000000709e+41
-9.524934000000000262e+41
-9.786236999999999355e+41
-9.180214000000000673e+41
-9.420208000000000137e+41
-9.366620000000000677e+41
-9.729403999999999333e+41
-9.289631000000000590e+41
-9.359978999999999730e+41
-9.676629000000000053e+41
-1.014886000000000062e+42
-9.811210999999999605e+41
-1.015409000000000002e+42
-1.027844999999999987e+42
-9.694848000000000136e+41
-9.513362999999999734e+41
-8.577018000000000771e+41
-8.045169999999999929e+41
-9.202248999999999652e+41
-8.916629000000000334e+41
-9.348719999999999511e+41
-1.002107999999999941e+42
-9.343825000000000708e+41
-9.038806000000000259e+41
-9.069921000000000723e+41
-9.081665999999999816e+41
-9.654487999999999600e+41
-9.913936000000000756e+41
-9.050334999999999853e+41
-8.915117000000000743e+41
-9.002524000000000247e+41
-9.478470999999999252e+41
-9.237004999999999761e+41
-9.872364999999999587e+41
-1.008518999999999993e+42
-9.216270999999999659e+41
-8.839304000000000509e+41
-9.141796000000000452e+41
-9.976117999999999732e+41
-9.180850000000000231e+41
-1.032610999999999966e+42
-9.791093999999999965e+41
-9.758143999999999798e+41
-9.472113000000000401e+41
-9.737768999999999724e+41
-9.185194000000000482e+41
-8.714467000000000214e+41
-9.050438999999999956e+41
-8.569179999999999503e+41
-9.454750999999999707e+41
-9.622693999999999506e+41
-9.360666000000000202e+41
-8.601474000000000330e+41
-8.809075999999999881e+41
-9.237090000000000767e+41
-9.184796000000000029e+41
-9.288416999999999448e+41
-9.429526000000000727e+41
-9.967217999999999377e+41
-9.908910999999999503e+41
-9.633534000000000352e+41
-9.020935000000000401e+41
-8.761724999999999898e+41
-9.120642000000000292e+41
-1.003982999999999981e+42
-1.006243999999999986e+42
-1.071886999999999952e+42
-8.927486000000000453e+41
-9.025987000000000043e+41
-9.330112000000000501e+41
-9.450765000000000346e+41
-9.166487000000000154e+41
-9.827605999999999788e+41
-9.857637000000000012e+41
-9.976566999999999551e+41
-9.561997000000000184e+41
-9.664159000000000748e+41
-9.487000999999999777e+41
-9.905616999999999398e+41
-8.900706000000000261e+41
-9.793287999999999695e+41
-9.433533999999999693e+41
-8.857031999999999839e+41
-1.019945000000000015e+42
-1.019480000000000060e+42
-1.020595999999999951e+42
-9.284596999999999358e+41
-8.757969999999999485e+41
-9.585442000000000022e+41
-9.250726999999999947e+41
-9.556703999999999380e+41
-9.156204999999999563e+41
-9.626506000000000302e+41
-8.952067999999999720e+41
-9.605296999999999581e+41
-9.369313000000000455e+41
-9.529601000000000624e+41
-9.267732999999999574e+41
-9.511068999999999547e+41
-9.426430000000000163e+41
-9.519627000000000695e+41
-9.614823999999999515e+41
-9.415833999999999439e+41
-8.987841999999999706e+41
-9.535258999999999379e+41
-9.381545000000000655e+41
-9.207815999999999476e+41
-9.084408999999999822e+41
-9.828286000000000103e+41
-8.915010999999999269e+41
-9.114244000000000329e+41
-8.510161999999999730e+41
-9.598566000000000390e+41
-1.070210999999999984e+42
-9.562663999999999326e+41
-9.268052000000000039e+41
-9.487011999999999579e+41
-8.793334000000000077e+41
-9.582709000000000680e+41
-8.627577999999999854e+41
-8.643960000000000410e+41
-9.963792999999999231e+41
-1.004897999999999975e+42
-9.570885000000000051e+41
-9.586853000000000019e+41
-9.777323999999999374e+41
-9.568109000000000637e+41
-9.802401000000000589e+41
-9.353571999999999789e+41
-9.786805000000000274e+41
-9.394977999999999276e+41
-9.949008999999999958e+41
-9.675991999999999809e+41
-9.562961999999999323e+41
-9.359745999999999410e+41
-8.765774999999999798e+41
-9.958715999999999475e+41
-9.415068999999999664e+41
-9.001170000000000633e+41
-9.566201999999999553e+41
-1.059373999999999956e+42
-9.786593000000000421e+41
-1.069918000000000010e+42
-8.787530000000000286e+41
-9.658049000000000118e+41
-9.641373999999999896e+41
-9.090941999999999472e+41
-9.678829999999999939e+41
-9.634541999999999564e+41
-9.438515000000000188e+41
-9.826905999999999690e+41
-9.625973000000000161e+41
-1.002592999999999986e+42
-9.875963999999999845e+41
-9.149763999999999528e+41
-9.117653000000000340e+41
-9.981734999999999785e+41
-8.544361999999999407e+41
-9.950744000000000752e+41
-9.699187000000000055e+41
-9.200510999999999896e+41
-1.010241999999999990e+42
-8.814111999999999389e+41
-8.995704999999999541e+41
-9.060355999999999502e+41
-9.334532000000000232e+41
-9.288802000000000275e+41
-9.604655999999999691e+41
-8.958171000000000194e+41
-9.568395000000000146e+41
-9.099782000000000482e+41
-9.720639000000000212e+41
-9.571901999999999242e+41
-9.504322000000000221e+41
-9.845839000000000182e+41
-9.000714999999999796e+41
-9.470661000000000154e+41
-9.721260999999999459e+41
-9.448076000000000215e+41
-9.292846000000000706e+41
-8.707647000000000370e+41
-9.741294000000000325e+41
-9.901498999999999311e+41
-1.046825999999999956e+42
-9.480281999999999527e+41
-1.021899000000000044e+42
-8.985951999999999443e+41
-9.449756999999999587e+41
-9.319447999999999591e+41
-9.040649999999999941e+41
-9.513267999999999610e+41
-9.453982999999999424e+41
-9.468216999999999283e+41
-9.547567000000000606e+41
-9.257929999999999248e+41
-9.504945000000000153e+41
-9.883914999999999648e+41
-9.756892000000000463e+41
-8.108614999999999589e+41
-9.377111000000000613e+41
-9.557704999999999984e+41
-9.227465000000000201e+41
-9.284416999999999775e+41
-8.569482999999999833e+41
-9.398930000000000092e+41
-9.340553000000000208e+41
-9.590387000000000600e+41
-9.325565999999999514e+41
-9.315412000000000001e+41
-8.593823999999999486e+41
-9.460760000000000743e+41
-9.603474999999999504e+41
-9.933956000000000449e+41
-8.886264000000000196e+41
-9.565257000000000196e+41
-1.000240999999999968e+42
-8.971166999999999484e+41
-9.428320000000000426e+41
-9.201311999999999588e+41
-9.564241000000000142e+41
-8.961467999999999261e+41
-9.990150999999999542e+41
-9.511569999999999418e+41
-9.339160000000000169e+41
-8.894507000000000525e+41
-9.094987000000000588e+41
-9.552999999999999881e+41
-9.287888000000000502e+41
-9.755567999999999748e+41
-8.806885000000000660e+41
-9.622434999999999934e+41
-9.246361999999999229e+41
-9.002093000000000386e+41
-1.027615000000000022e+42
-9.430155999999999267e+41
-1.012154999999999925e+42
-9.179864999999999762e+41
-9.342484999999999858e+41
-9.474344000000000734e+41
-9.723236000000000729e+41
-9.712826000000000605e+41
-8.651065999999999764e+41
-9.719526999999999350e+41
-9.364723999999999396e+41
-9.953751999999999801e+41
-8.495985999999999392e+41
-9.618223999999999547e+41
-8.788810000000000243e+41
-9.060131000000000023e+41
-9.454842000000000184e+41
-9.187318999999999341e+41
-9.055000000000000392e+41
-9.365904999999999583e+41
-9.568820999999999675e+41
-9.435797999999999434e+41
-9.031681999999999400e+41
-9.029625999999999865e+41
-9.243803000000000000e+41
-8.690257999999999739e+41
-9.158179000000000147e+41
-9.570569999999999233e+41
-9.003109000000000439e+41
-8.863458000000000424e+41
-9.352566000000000400e+41
-9.494764999999999841e+41
